0.920799098 14.9977218 -1.77132553
1.37470864 11.8939746 -1.60716552
4.43637412 11.6781664 -2.71099211
6.13589075 13.4784046 -2.63222879
6.18094734 11.7249735 -2.62881055
4.56543987 13.4812291 -2.72625899
4.6862221 15.4603692 -1.01532335
5.16152703 17.4733154 -1.05668422
5.72699774 16.4728684 -1.01409723
7.58854699 17.3466129 -0.821846274
9.21216295 17.238031 -0.647089042
10.6449229 18.1378301 -0.498480557
12.6315129 20.029001 -0.311894628
14.4617313 20.1369303 -0.140700952
11.9686274 18.9918704 -0.367789549
13.3637177 19.7326663 -0.241310919
11.4407742 19.6710848 -0.431473572
10.1146178 18.9003052 -0.582574193
8.06900509 18.8128097 -0.743052228
6.85881127 18.1901763 -0.915607758
8.32147029 20.194824 -0.569959134
8.58014934 18.1433883 -0.699630381
8.03507316 16.4323813 -0.756023732
9.25349349 11.8638156 1.18042925
9.24097976 13.3946316 1.23010036
6.613135 15.3352084 -0.889619326
9.05194365 13.4594738 2.79335996
6.06715136 11.7368648 5.40642388
9.03096265 11.842958 2.96182197
6.47774721 13.6262828 5.29100555
4.62898499 13.5378735 5.52752331
4.36483979 11.965721 5.03653876
4.33385852 10.2573693 5.0985327
4.28259251 11.7875695 5.4513091
4.36408276 13.5068064 5.04084176
4.36526063 15.1317606 5.04050944
4.36676858 16.5762111 5.03896341
4.81801788 17.6200215 5.53273752
4.36571719 18.3056623 5.04377026
2.72171757 17.5048092 5.37317425
2.39137023 18.2861173 7.24011778
2.33163907 19.9825579 7.26351746
2.26078787 21.5482109 7.29431136
2.34074738 23.073196 7.26403033
2.88003472 24.372959 6.58889792
2.37586168 24.8604007 7.21194476
2.30593812 26.4084251 7.16112468
2.81645765 26.6065706 7.45336867
3.09807927 25.6348953 6.33872475
3.25491961 26.6396534 5.76228125
3.22677538 27.658601 6.18940566
2.30478657 28.1438158 7.02825287
3.05791754 28.1603455 8.09188978
3.1572137 29.5914983 8.87998157
3.15409709 31.028059 9.85029507
3.0805296 32.2326948 10.8749696
3.06702769 32.8049877 9.53662985
3.127653 31.9857997 8.58372156
3.1063363 31.924234 7.86622748
3.0726433 32.2713112 7.61971449
4.2353245 32.1492206 8.00989873
5.54286411 32.6957282 8.17966614
4.19978555 31.1735132 7.99408276
3.35992383 30.8233582 7.88950245
3.20910855 30.6204826 7.69572492
3.13526382 31.3532906 6.70824861
2.22752952 30.2785899 7.74186725
3.24454121 29.0698735 6.84917839
3.24993058 28.7902515 5.48681369
3.98369997 28.4815969 4.32992999
4.21695495 26.6987659 4.622557
4.38745315 24.9376057 4.7811867
4.3838396 23.100835 4.99664512
4.30730465 21.5669095 5.14905075
4.35522831 19.94406 5.05340485
4.73934871 18.8432702 5.44579527
6.08631701 18.5942701 5.62656013
8.18494313 18.482301 5.8798035
9.89690857 18.1330395 6.0589924
10.0812252 19.4366131 5.74576559
11.2851857 19.0499832 6.19647205
12.7647256 19.8219577 6.33084516
14 21.5 4.2
11.9841258 20.265175 6.25203041
13.82611 20.24568 6.4277204
10.8170177 19.5152738 6.13713746
9.09964358 19.0481053 5.93724041
8.83887912 17.5318539 5.93579234
7.43147149 18.6866281 5.82487203
6.86573695 16.5455534 5.73857748
5.48822864 16.7151748 5.57713003
6.17260871 17.3683847 5.62444295
5.83255794 16.3395204 5.58664942
4.31476985 16.1711367 5.53577066
3.29688984 16.7905068 5.48284865
2.6634036 17.5563746 5.45215326
2.3858876 16.5725138 7.23610627
2.3615247 15.1086969 7.2454083
2.2866546 13.5430294 7.2794503
2.32109198 11.9593636 7.26131137
2.25306391 10.2329029 7.29203484
2.1931822 8.64394108 7.31189303
2.14981457 6.9335277 7.31175354
2.17044638 5.58275823 7.25205855
1.95651026 3.30360872 7.06738826
1.47640817 1.88057917 6.91626132
2.66011822 1.0961512 5.52554165
1.70513823 0.149287195 5.74984159
3.03193794 -0.466123367 3.20884794
2.61859837 1.64094521 -0.198287014
3.97710471 3.33428481 1.69452003
3.48522154 5.3362489 -0.067371009
4.50141809 5.09908208 2.46490191
4.16309291 5.18617387 5.00383841
3.82721279 3.35207714 5.00263913
3.88670063 1.62360606 2.72631211
2.03344408 -0.007547004 -0.135777053
1.49870787 3.85654294 -1.38890055
1.51581985 6.96325747 -1.54479443
1.47012843 8.73426082 -1.56930108
1.49745086 5.6095737 -1.51939372
3.50420932 6.89156108 -0.192352578
4.66150728 6.81844939 2.43171836
4.25560663 6.83991871 5.1261719
4.2929222 8.63333445 5.16122569
4.71756964 8.62780441 2.42488967
3.51987495 8.64366756 -0.222042177
1.56696926 10.2535739 -1.54453766
1.17088854 13.4736508 -1.70476786
1.17689257 16.7562567 -1.666332
3.34155497 17.4688208 -1.11233035
2.61129992 18.8357781 -1.07344832
1.56363281 18.3474454 -1.56231483
2.58720883 18.6368001 -1.13126004
1.57194466 19.8444698 -1.52476743
1.3497713 21.7255196 -1.52391949
1.01995165 23.2255935 -1.46340762
2.49591224 23.4869786 -0.760657644
2.07379023 25.1174702 -0.749584752
1.61679172 26.7603008 -0.623897204
1.94306271 29.9650838 1.05227265
1.69456133 31.2692134 1.00104973
2.00160816 31.5466948 1.38048967
1.43129321 33.3827038 1.592983
2.12208953 31.6984558 1.15400723
2.82943476 31.5190822 1.1642728
3.99074557 31.9035001 1.32578481
5.00506169 32.1805097 1.4550131
6.44922397 32.6873441 1.64220168
4.91572526 31.5062784 1.44147277
4.11707766 30.9372134 1.33406538
3.0441806 30.4729075 1.19546964
2.56769648 29.8182463 0.931145059
2.68620151 29.5629327 1.55053596
2.78837786 28.5271511 0.738217859
3.49211127 27.0910982 1.06223208
4.2911951 25.1760071 1.71399961
4.5985309 23.2545749 2.07002666
4.69906053 21.6250489 2.38261554
4.71616901 19.9487634 2.37520517
3.26114914 21.7517131 -0.38403192
3.49842045 19.886242 -0.233766049
3.51102296 18.9677376 -0.32185603
4.72913622 18.0356942 -1.10460293
3.82160222 16.8223915 -1.09618321
