NAME : Custom.32324.tour
COMMENT : Length = 32324
COMMENT : Found by LKH [Keld Helsgaun] Sat May 25 01:21:48 2024
TYPE : TOUR
DIMENSION : 165
TOUR_SECTION
1
6
107
129
131
109
113
122
125
138
148
154
160
164
158
162
157
153
140
135
142
143
139
150
149
134
146
127
145
133
111
101
98
93
100
102
104
119
103
49
40
35
30
36
53
38
33
51
60
70
67
32
56
65
64
59
57
62
61
58
91
124
89
74
66
63
28
68
69
85
90
106
105
96
99
118
128
141
151
152
156
161
165
159
163
155
147
144
137
136
123
130
126
97
72
47
39
37
31
34
29
27
25
26
20
9
46
18
54
45
84
75
108
88
82
83
22
11
12
8
10
78
112
92
95
116
80
14
3
4
73
44
13
43
15
5
2
41
23
16
19
17
21
7
24
52
86
121
132
120
87
55
42
48
50
76
94
110
114
115
71
77
79
117
81
-1
EOF
