1 0.920799098 14.99772185 -1.771325535
2 1.019951653 23.22559345 -1.463407619
3 1.170888539 13.47365077 -1.704767859
4 1.176892573 16.75625671 -1.666332
5 1.349771302 21.72551959 -1.523919492
6 1.374708637 11.89397458 -1.607165524
7 1.431293211 33.38270379 1.592982999
8 1.470128431 8.734260817 -1.569301081
9 1.476408166 1.88057917 6.91626132
10 1.497450859 5.609573699 -1.519393717
11 1.498707868 3.856542944 -1.388900549
12 1.515819854 6.96325747 -1.544794429
13 1.563632812 18.3474454 -1.56231483
14 1.56696926 10.25357391 -1.544537664
15 1.571944657 19.84446978 -1.524767431
16 1.616791725 26.76030081 -0.623897204
17 1.694561325 31.26921339 1.001049731
18 1.705138232 0.149287195 5.749841594
19 1.943062712 29.96508377 1.052272647
20 1.956510257 3.303608724 7.067388258
21 2.001608159 31.54669484 1.380489669
22 2.033444077 -0.007547004 -0.135777053
23 2.073790233 25.11747017 -0.749584752
24 2.122089526 31.69845581 1.154007233
25 2.14981457 6.933527696 7.311753544
26 2.170446381 5.582758228 7.252058555
27 2.193182204 8.643941078 7.311893034
28 2.227529515 30.2785899 7.741867252
29 2.253063913 10.23290286 7.292034839
30 2.260787869 21.54821089 7.294311356
31 2.286654599 13.54302936 7.279450304
32 2.304786569 28.14381579 7.028252866
33 2.305938122 26.4084251 7.161124681
34 2.321091981 11.95936361 7.261311369
35 2.331639067 19.98255788 7.263517462
36 2.34074738 23.07319597 7.264030332
37 2.361524697 15.10869694 7.245408299
38 2.375861678 24.86040068 7.211944762
39 2.385887603 16.57251383 7.236106274
40 2.391370233 18.28611734 7.240117785
41 2.49591224 23.48697861 -0.760657644
42 2.567696482 29.81824625 0.931145059
43 2.587208828 18.63680009 -1.131260044
44 2.611299918 18.8357781 -1.073448323
45 2.618598373 1.640945209 -0.198287014
46 2.660118216 1.096151198 5.525541653
47 2.663403602 17.55637456 5.452153256
48 2.686201506 29.56293273 1.550535956
49 2.721717571 17.50480916 5.373174253
50 2.788377861 28.52715111 0.738217859
51 2.816457649 26.60657062 7.45336867
52 2.82943476 31.51908216 1.1642728
53 2.880034722 24.372959 6.588897915
54 3.031937935 -0.466123367 3.208847936
55 3.044180597 30.47290746 1.195469639
56 3.057917539 28.16034552 8.09188978
57 3.067027694 32.8049877 9.536629845
58 3.072643299 32.27131123 7.619714493
59 3.080529604 32.23269477 10.87496956
60 3.098079273 25.63489534 6.338724754
61 3.106336297 31.92423405 7.866227485
62 3.127652998 31.98579974 8.583721562
63 3.135263819 31.35329064 6.708248607
64 3.154097086 31.02805903 9.850295066
65 3.157213703 29.59149831 8.879981568
66 3.209108548 30.62048258 7.69572492
67 3.226775377 27.65860097 6.189405665
68 3.24454121 29.0698735 6.84917839
69 3.249930576 28.79025151 5.486813687
70 3.254919613 26.63965343 5.762281248
71 3.261149135 21.75171308 -0.38403192
72 3.296889837 16.79050684 5.482848654
73 3.341554971 17.46882081 -1.112330354
74 3.359923827 30.82335816 7.889502446
75 3.485221545 5.336248897 -0.067371009
76 3.492111274 27.09109821 1.062232075
77 3.498420446 19.88624201 -0.233766049
78 3.50420932 6.891561076 -0.192352578
79 3.51102296 18.96773762 -0.32185603
80 3.51987495 8.643667558 -0.222042177
81 3.821602218 16.82239152 -1.096183212
82 3.82721279 3.352077139 5.002639128
83 3.88670063 1.62360606 2.726312112
84 3.977104706 3.334284806 1.69452003
85 3.983699975 28.48159688 4.329929988
86 3.990745567 31.90350015 1.325784812
87 4.117077658 30.93721335 1.334065384
88 4.163092911 5.186173872 5.003838409
89 4.199785551 31.17351324 7.994082763
90 4.216954949 26.69876592 4.622557003
91 4.235324497 32.14922058 8.009898733
92 4.255606633 6.839918706 5.126171902
93 4.282592511 11.78756948 5.451309101
94 4.291195101 25.17600707 1.713999611
95 4.2929222 8.633334454 5.161225695
96 4.307304645 21.56690948 5.149050747
97 4.314769855 16.17113668 5.535770662
98 4.333858517 10.25736931 5.098532699
99 4.355228306 19.94405997 5.053404845
100 4.36408276 13.5068064 5.04084176
101 4.364839788 11.96572099 5.036538757
102 4.365260626 15.13176059 5.040509436
103 4.365717185 18.30566234 5.043770264
104 4.366768583 16.57621108 5.038963415
105 4.3838396 23.10083499 4.996645116
106 4.387453149 24.93760575 4.781186699
107 4.436374123 11.67816642 -2.710992113
108 4.501418088 5.09908208 2.464901915
109 4.565439868 13.48122911 -2.726258987
110 4.5985309 23.25457495 2.070026662
111 4.628984991 13.5378735 5.527523306
112 4.66150728 6.818449392 2.431718358
113 4.686222096 15.46036918 -1.015323353
114 4.699060533 21.62504891 2.382615544
115 4.716169012 19.94876335 2.37520517
116 4.717569644 8.627804407 2.424889666
117 4.729136218 18.03569417 -1.104602933
118 4.739348708 18.84327023 5.44579527
119 4.818017882 17.62002154 5.532737518
120 4.915725263 31.50627837 1.441472771
121 5.005061686 32.1805097 1.4550131
122 5.161527033 17.47331544 -1.056684216
123 5.48822864 16.7151748 5.577130033
124 5.542864109 32.69572824 8.179666137
125 5.726997737 16.47286836 -1.014097235
126 5.832557938 16.33952043 5.586649421
127 6.067151356 11.73686482 5.406423877
128 6.08631701 18.59427015 5.626560134
129 6.135890748 13.47840465 -2.632228794
130 6.172608705 17.36838472 5.624442948
131 6.18094734 11.72497348 -2.628810553
132 6.449223966 32.68734414 1.642201681
133 6.477747207 13.62628284 5.291005549
134 6.613135 15.33520845 -0.889619326
135 6.858811273 18.19017626 -0.915607758
136 6.865736952 16.54555336 5.73857748
137 7.431471485 18.68662807 5.824872032
138 7.588546993 17.34661293 -0.821846274
139 8.035073161 16.43238126 -0.756023732
140 8.069005093 18.81280975 -0.743052228
141 8.184943126 18.48230098 5.879803502
142 8.321470292 20.194824 -0.569959134
143 8.580149336 18.14338825 -0.699630381
144 8.838879116 17.53185387 5.93579234
145 9.030962655 11.84295799 2.961821974
146 9.051943652 13.4594738 2.793359961
147 9.099643578 19.04810529 5.937240413
148 9.212162951 17.23803098 -0.647089042
149 9.240979764 13.3946316 1.230100358
150 9.253493489 11.86381564 1.180429255
151 9.896908571 18.1330395 6.058992402
152 10.08122521 19.43661311 5.745765595
153 10.11461778 18.90030525 -0.582574193
154 10.64492291 18.13783005 -0.498480557
155 10.81701774 19.51527377 6.137137457
156 11.28518568 19.04998316 6.196472052
157 11.44077419 19.67108477 -0.431473572
158 11.96862736 18.99187038 -0.367789549
159 11.98412581 20.26517496 6.252030407
160 12.63151288 20.02900103 -0.311894628
161 12.76472562 19.82195769 6.33084516
162 13.3637177 19.73266629 -0.241310919
163 13.82611004 20.24568002 6.4277204
164 14.46173134 20.13693028 -0.140700952
165 14 21.5 4.2